Read Summary - QScore Cutoff: 26 

R1 Input Fastq: /projects/bgmp/shared/2017_sequencing/1294_S1_L008_R1_001.fastq.gz
R2 Input Fastq: /projects/bgmp/shared/2017_sequencing/1294_S1_L008_R2_001.fastq.gz
R3 Input Fastq: /projects/bgmp/shared/2017_sequencing/1294_S1_L008_R3_001.fastq.gz
R4 Input Fastq: /projects/bgmp/shared/2017_sequencing/1294_S1_L008_R4_001.fastq.gz

Total Number of Reads:
 363246735

Matched Reads: 88.59116022061423% (321804497 reads)
Hopped Reads: 0.16397807402178027% (595645 reads)
Unknown Reads: 11.244861705363986% (40846593 reads)

Matched Reads per index 
TACCGGAT-TACCGGAT: 20.329941024796824% (73847847 reads)
CTCTGGAT-CTCTGGAT: 9.325499925002767% (33874574 reads)
AGAGTCCA-AGAGTCCA: 3.0168882316313184% (10958748 reads)
GTAGCGTA-GTAGCGTA: 2.1639057540324487% (7860317 reads)
ATCATGCG-ATCATGCG: 2.688398561930639% (9765520 reads)
AACAGCGA-AACAGCGA: 2.3673374517736545% (8599276 reads)
TCGACAAG-TCGACAAG: 1.029323773550229% (3738985 reads)
TCGAGAGT-TCGAGAGT: 3.122312441431855% (11341698 reads)
CGGTAATC-CGGTAATC: 1.3321914648455133% (4839142 reads)
TAGCCATG-TAGCCATG: 2.845308437528007% (10335490 reads)
TCTTCGAC-TCTTCGAC: 11.3043733207953% (41062767 reads)
CTAGCTCA-CTAGCTCA: 4.641350733682438% (16859555 reads)
TATGGCAC-TATGGCAC: 2.9787956662569863% (10820378 reads)
ACGATCAG-ACGATCAG: 2.135588087254246% (7757454 reads)
GATCTTGC-GATCTTGC: 0.9814463989607505% (3565072 reads)
AGGATAGC-AGGATAGC: 2.3231914252443318% (8438917 reads)
TGTTCCGT-TGTTCCGT: 4.233600062502971% (15378414 reads)
CACTTCAC-CACTTCAC: 1.123829234143013% (4082273 reads)
GCTACTCT-GCTACTCT: 1.9554945208248051% (7103270 reads)
ATCGTGGT-ATCGTGGT: 1.8446046046360198% (6700466 reads)
CGATCGAT-CGATCGAT: 1.503383643627244% (5460992 reads)
GTCCTAAG-GTCCTAAG: 2.3590629107788126% (8569219 reads)
GATCAAGG-GATCAAGG: 1.7619679362018217% (6400291 reads)
TCGGATTC-TCGGATTC: 1.2233646091822408% (4443832 reads)
